1.714380769
1.714380769
1.714380769
1.714380769
1.714380769
1.714380769
1.71438077
1.71438077
1.71438077
1.71438077
1.71438077
1.71438077
1.71438077
1.71438077
1.71438077
1.71438077
1.71438077
1.71438077
1.71438077
1.71438077
1.71438077
1.71438077
1.71438077
1.714380771
1.714380771
1.714380771
1.714380771
1.714380771
1.714380771
1.714380771
1.714380771
1.714380771
1.714380771
1.714380771
1.714380771
1.714380771
1.714380771
1.714380771
1.714380771
1.714380771
1.714380771
1.714380772
1.714380772
1.714380772
1.714380772
1.714380772
1.714380772
1.714380772
1.714380772
1.714380772
1.714380772
1.714380772
1.714380772
1.714380772
1.714380772
1.714380772
1.714380772
1.714380772
1.714380773
1.714380773
1.714380773
1.714380773
1.714380773
1.714380773
1.714380773
1.714380773
1.714380773
1.714380773
1.714380773
1.714380773
1.714380773
1.714380773
1.714380773
1.714380773
1.714380773
1.714380773
1.714380774
1.714380774
1.714380774
1.714380774
1.714380774
1.714380774
1.714380774
1.714380774
1.714380774
1.714380774
1.714380774
1.714380774
1.714380774
1.714380774
1.714380774
1.714380774
1.714380774
1.714380775
1.714380775
1.714380775
1.714380775
1.714380775
1.714380775
1.714380775
1.714380775
1.714380775
1.714380775
1.714380775
1.714380775
1.714380775
1.714380775
1.714380775
1.714380775
1.714380775
1.714380775
1.714380776
1.714380776
1.714380776
1.714380776
1.714380776
1.714380776
1.714380776
1.714380776
